Webots Project File version R2025a
perspectives: 000000ff00000000fd0000000200000001000002d00000031ffc0200000001fb0000001400540065007800740045006400690074006f00720300000319000000a2000002d00000031f0000000300000602000000d9fc0100000001fb0000001a0043006f006e0073006f006c00650041006c006c0041006c006c0100000000000006020000008700ffffff000006020000031f00000001000000020000000100000008fc00000000
simulationViewPerspectives: 000000ff00000001000000020000019a0000030f0100000002010000000100
sceneTreePerspectives: 000000ff00000001000000030000001e000000c0000000fa0100000002010000000200
maximizedDockId: -1
centralWidgetVisible: 1
orthographicViewHeight: 1
textFiles: 1 "controllers/road_scanner/road_scanner.py" "controllers/autonomous_vehicle/autonomous_vehicle.cpp" "controllers/autonomous_vehicle/Makefile"
consoles: Console:All:All
renderingDevicePerspectives: vehicle(1):camera;0;0.0666667;0;0
renderingDevicePerspectives: vehicle:camera;0;0.0666667;0;0.650541
