Webots Project File version R2025a
perspectives: 000000ff00000000fd0000000200000001000002890000031efc0200000001fb0000001400540065007800740045006400690074006f007201000000000000031e0000008b00ffffff00000003000006ae000000dafc0100000002fb0000000e0043006f006e0073006f006c006501000000000000073f0000000000000000fb0000001a0043006f006e0073006f006c00650041006c006c0041006c006c0100000000000006ae0000008700ffffff000004230000031e00000001000000020000000100000008fc00000000
simulationViewPerspectives: 000000ff0000000100000002000001ba000002670100000002010000000100
sceneTreePerspectives: 000000ff00000001000000030000001e000000c0000000fa0100000002010000000200
maximizedDockId: -1
centralWidgetVisible: 1
orthographicViewHeight: 1
textFiles: 0 "../../../../../Users/baggyeongsu/Documents/vehicles/controllers/autonomous_vehicle/autonomous_vehicle.c" "../../../../../Users/baggyeongsu/Documents/vehicles/controllers/road_scanner/road_scanner.py"
consoles: Console:All:All
renderingDevicePerspectives: vehicle(1):camera;1;0.670833;0;0
renderingDevicePerspectives: vehicle:camera;1;0.484848;0;0
